375790
51150
64856
1953
26038
5351
9249
126917
2048
3925
2537
10657
65108
6421
63967
84879
6513
1996
5865
3725
4774
91624
3491
9411
84722
3752
7482
54879
389
476
10628
25832
4170
10962
6282
112770
10485
93183
477
5999
387597
481
23057
23127
5997
23046
23612
89796
55220
254428
50486
1063
3930
7044
56776
5214
1316
5209
56243
57512
3185
118738
100507008
84159
55680
140766
64115
5660
9806
5328
132
23522
311
27063
9124
10580
83742
84171
25911
9118
63877
9531
64787
6181
977
54472
1509
975
1200
283298
8495
6157
56672
100463486
10335
10418
100126784
90139
4192
54972
1937
6094
51035
6520
5920
402
4054
54961
80194
1374
55191
6188
2893
1410
10525
403312
50937
334
84318
2597
2
53919
51474
3164
84926
3489
967
4327
1606
10956
4193
10576
6857
1848
694
7112
429
51559
5992
9921
100293704
9612
100507206
219287
2963
1948
1284
4323
26020
5720
9472
64067
6235
54331
10979
652
1033
5015
23002
6252
57570
3306
87
10577
83694
7043
9369
145508
10516
4707
90050
83982
283596
64919
1778
7127
26153
7057
388115
825
10169
2628
9768
6176
5315
3073
80381
4016
57611
1512
64782
9055
6627
146330
1186
100507303
9235
84662
2903
8303
51704
388228
25970
4502
6236
8824
5699
6560
999
794
497190
57687
55839
80790
23199
8140
6137
10381
79007
11337
5187
4628
9423
5376
201161
51655
146691
8851
124842
7153
60681
4669
10493
8153
10900
51629
2896
23131
2535
2670
4836
113026
4804
9902
2232
3021
91107
6427
57690
7077
3959
2548
57674
284184
124565
5034
23136
361
8715
56853
5596
51320
6925
51046
115701
90701
22850
10272
2879
60680
10362
1938
80700
25873
126328
3383
7297
1995
51398
4784
9592
23025
54858
1463
57616
1054
9710
7392
826
7538
645
602
27113
8605
10945
6141
51171
4924
581
2512
2217
6237
2109
147807
101060391
6664
57498
6382
5500
6432
9378
55704
51255
51652
400986
57730
9486
84417
3625
2863
4249
3800
114793
56475
90
220988
91404
51602
8828
8609
2066
79582
6168
3488
5798
79586
7857
5270
151473
5757
3635
2637
2817
83959
57506
6238
2937
4826
84969
51604
11065
5740
100462983
56937
3911
6227
79144
4661
140578
10600
56245
1827
5211
80781
1291
1292
114044
9993
652968
6948
8542
4627
29775
27350
6122
468
55964
112885
55007
375323
7508
9975
7068
116135
27303
91392
10675
4134
2771
7869
440957
7086
2317
11170
132204
9223
56650
961
55081
29114
79858
7018
5806
6657
84002
6480
6165
53834
10417
285489
4043
27065
57537
8532
79730
9662
57482
2926
9508
9987
8404
6164
5188
84057
2982
3148
79682
134121
100505738
6167
3157
5144
3796
4131
8507
3156
7060
1070
7025
1946
324
441108
23338
9879
9547
6695
1958
1839
2246
11346
10318
6678
345630
64901
1843
8992
51617
10814
11282
54898
84062
3400
10590
100129195
10537
3105
3106
6892
221491
6428
1026
221477
4188
6722
5429
441151
10492
10690
100133941
2534
2697
1490
51696
168090
51660
392617
29886
2115
8701
4852
441204
79017
64759
7378
64409
11257
5244
1750
1749
25798
245812
7205
5054
2861
9296
4232
26958
155066
54480
349136
79660
10395
4747
1808
1191
80223
286183
8836
5569
11075
862
7381
79870
4062
1936
113655
6132
6595
11168
92949
10210
2683
7094
389765
8013
19
5998
3371
5069
1620
6136
64855
10044
114789
5524
100506119
1289
4851
4558
4577
4567
4578
1654
4129
57477
170685
28986
4675
6173
11013
55859
51186
5063
1641
3597
6170
3897
2316
8270
2539
