64856
26038
3925
90853
23499
59269
11004
5052
9077
81849
64123
2633
84722
3321
10628
140576
10763
57863
400793
4921
5999
6004
64710
1063
149111
84886
4811
22944
5660
54541
5328
84858
3988
143282
26509
9124
83742
6319
6468
259217
642938
4288
977
6240
4004
10553
5080
960
79026
1717
26011
11098
1410
6876
1656
2012
196410
967
4035
4193
160335
490
5829
3146
8848
8660
28526
54916
57570
23224
64093
9369
55384
113146
11245
90417
51203
2628
302
7168
9768
3671
23205
9055
56963
23336
51330
2013
26471
4313
6376
794
23406
79007
9212
9423
9953
5376
125144
7153
284119
2670
6426
54549
283991
332
284184
11031
1000
115106
4645
5596
976
9518
348
83987
27113
23645
79784
151354
6432
91461
25927
3099
343990
164832
4175
130574
114793
55854
26010
389073
1373
2637
10267
5834
22974
1299
3785
140578
116448
5121
1826
80781
1312
23467
10752
23171
56992
151887
2596
11343
5947
440982
10051
8646
6480
131583
347
10460
80333
5099
5156
3490
79966
8404
3015
1062
55013
2983
4889
3148
55714
1767
7204
6507
102467080
728723
22836
4001
2201
10112
84418
113829
57717
2246
202374
6678
9232
221749
51299
10590
222698
7726
221491
1026
3910
57224
6196
221833
55536
10457
4852
64409
23089
5054
5764
8795
4741
4747
2185
1191
157570
5327
10434
11075
5375
1345
29028
114907
169044
340371
11168
6194
9568
10592
2934
64855
56262
5730
4571
100189191
51186
27018
1641
5358
10178
